$ANSIBLE_VAULT;1.1;AES256
35326466326531373030373466386532363737326239653335376635653863626664343938333365
6265626133623663363561343533343262343530306466370a346166356161306538316437613965
65623136323737663937343566313436373964363238343035333031373130356633666530336263
6134303834636331640a616261386632343363336136653032383366383963626530306364326631
39353462393930373236656535616532393630623936616632316462643238656162346232643964
39333337663563333865653038396161313462613637623438613837626338666235343161666166
38326665633630353234656435663133356139666533373838313230616333313334336565613338
39356537353234383233346134666332306433316566323335316539373237303461333061353866
65373364613233623363623439633536326566306536633935653732616236653939623164386666
63396564383533393562396135363432653830623439356133623630643466353862353735313932
35356564626466653738643065363064393736656464353462643463623365633330613836366431
33643131346531303036613536373363383430353638376234613231383734303732346239613763
32663238383430336630643866666666323533653535626236653836633036326563353635663663
3930356637353835336337666234326562326366386538363434
